"time"
0.072707
