"time"
0.773372
