"time"
0.065303
