"time"
0.586054
