"time"
0.149185
